2007-02-11T05:12:35.000000Z 167.1523 -77.5293 0 0
2007-02-07T02:54:19.000000Z 167.1523 -77.5293 0 0
2007-02-04T05:49:28.000000Z 167.1523 -77.5293 0 0
2007-02-16T08:34:49.000000Z 167.1523 -77.5293 0 0
2007-02-03T09:43:34.000000Z 167.1523 -77.5293 0 0
2007-02-14T05:12:42.000000Z 167.1523 -77.5293 0 0
2007-02-15T01:47:29.000000Z 167.1523 -77.5293 0 0
2007-01-25T05:04:32.000000Z 167.1523 -77.5293 0 0
2007-02-11T11:36:07.000000Z 167.1523 -77.5293 0 0
2007-02-09T11:22:08.000000Z 167.1523 -77.5293 0 0
2007-02-04T02:40:48.000000Z 167.1523 -77.5293 0 0
2007-02-22T09:05:55.000000Z 167.1523 -77.5293 0 0
2007-02-06T10:21:31.000000Z 167.1523 -77.5293 0 0
2007-02-01T12:33:34.000000Z 167.1523 -77.5293 0 0
2007-02-21T03:54:20.000000Z 167.1523 -77.5293 0 0
2007-02-14T08:09:28.000000Z 167.1523 -77.5293 0 0
2006-01-17T01:21:31.000000Z 167.1523 -77.5293 0 0
2007-01-30T08:55:51.000000Z 167.1523 -77.5293 0 0
2007-01-31T09:06:00.000000Z 167.1523 -77.5293 0 0
2007-02-10T11:32:44.000000Z 167.1523 -77.5293 0 0
2007-01-24T10:52:03.000000Z 167.1523 -77.5293 0 0
2007-01-08T08:02:47.000000Z 167.1523 -77.5293 0 0
2006-01-15T08:42:53.000000Z 167.1523 -77.5293 0 0
2006-01-31T12:03:59.000000Z 167.1523 -77.5293 0 0
2006-03-21T09:39:50.000000Z 167.1523 -77.5293 0 0
2007-01-20T08:47:09.000000Z 167.1523 -77.5293 0 0
2006-03-10T04:41:46.000000Z 167.1523 -77.5293 0 0
2007-01-28T07:26:35.000000Z 167.1523 -77.5293 0 0
2007-02-20T01:40:08.000000Z 167.1523 -77.5293 0 0
2007-02-13T05:51:50.000000Z 167.1523 -77.5293 0 0
2007-02-11T08:57:32.000000Z 167.1523 -77.5293 0 0
2007-02-08T03:49:56.000000Z 167.1523 -77.5293 0 0
2006-03-05T07:35:51.000000Z 167.1523 -77.5293 0 0
2007-02-16T11:25:47.000000Z 167.1523 -77.5293 0 0
2006-03-01T12:20:40.000000Z 167.1523 -77.5293 0 0
2005-12-19T09:39:58.000000Z 167.1523 -77.5293 0 0
2007-01-29T09:37:36.000000Z 167.1523 -77.5293 0 0
2006-04-05T04:13:47.000000Z 167.1523 -77.5293 0 0
2007-02-04T02:14:40.000000Z 167.1523 -77.5293 0 0
2005-12-25T07:53:57.000000Z 167.1523 -77.5293 0 0
2007-01-09T10:01:39.000000Z 167.1523 -77.5293 0 0
2007-02-05T07:13:03.000000Z 167.1523 -77.5293 0 0
2007-02-21T03:39:48.000000Z 167.1523 -77.5293 0 0
2005-12-21T09:37:59.000000Z 167.1523 -77.5293 0 0
2011-03-09T06:37:54.000000Z 167.1523 -77.5293 0 0
2007-02-23T10:09:05.000000Z 167.1523 -77.5293 0 0
2006-02-14T01:17:19.000000Z 167.1523 -77.5293 0 0
2007-02-15T11:26:49.000000Z 167.1523 -77.5293 0 0
2007-01-13T05:52:06.000000Z 167.1523 -77.5293 0 0
2007-02-02T01:20:57.000000Z 167.1523 -77.5293 0 0
2007-02-16T06:07:40.000000Z 167.1523 -77.5293 0 0
2006-04-01T05:47:05.000000Z 167.1523 -77.5293 0 0
2006-03-16T07:32:52.000000Z 167.1523 -77.5293 0 0
2007-01-27T06:12:58.000000Z 167.1523 -77.5293 0 0
2007-01-10T04:36:44.000000Z 167.1523 -77.5293 0 0
2007-01-04T05:45:23.000000Z 167.1523 -77.5293 0 0
2007-02-12T06:21:37.000000Z 167.1523 -77.5293 0 0
2006-01-29T06:02:52.000000Z 167.1523 -77.5293 0 0
2006-03-11T02:36:33.000000Z 167.1523 -77.5293 0 0
2007-01-28T01:39:23.000000Z 167.1523 -77.5293 0 0
2007-02-15T02:51:10.000000Z 167.1523 -77.5293 0 0
2007-02-20T02:04:38.000000Z 167.1523 -77.5293 0 0
2006-01-22T07:34:56.000000Z 167.1523 -77.5293 0 0
2006-04-16T06:35:12.000000Z 167.1523 -77.5293 0 0
2007-02-11T01:41:09.000000Z 167.1523 -77.5293 0 0
2006-04-15T02:48:47.000000Z 167.1523 -77.5293 0 0
2006-02-03T11:53:03.000000Z 167.1523 -77.5293 0 0
2007-02-08T09:53:46.000000Z 167.1523 -77.5293 0 0
2007-01-22T12:58:07.000000Z 167.1523 -77.5293 0 0
2005-12-15T09:30:55.000000Z 167.1523 -77.5293 0 0
2006-03-20T12:19:02.000000Z 167.1523 -77.5293 0 0
2006-03-20T07:49:11.000000Z 167.1523 -77.5293 0 0
2006-02-13T04:03:14.000000Z 167.1523 -77.5293 0 0
2007-02-14T03:33:58.000000Z 167.1523 -77.5293 0 0
2005-12-19T03:40:20.000000Z 167.1523 -77.5293 0 0
2007-01-27T10:39:08.000000Z 167.1523 -77.5293 0 0
2007-01-12T07:29:53.000000Z 167.1523 -77.5293 0 0
2007-01-20T01:08:24.000000Z 167.1523 -77.5293 0 0
2007-01-26T09:58:15.000000Z 167.1523 -77.5293 0 0
2007-01-15T01:36:23.000000Z 167.1523 -77.5293 0 0
2007-01-30T09:26:32.000000Z 167.1523 -77.5293 0 0
2007-02-13T06:37:14.000000Z 167.1523 -77.5293 0 0
2007-02-21T11:43:24.000000Z 167.1523 -77.5293 0 0
2006-03-25T09:11:19.000000Z 167.1523 -77.5293 0 0
2007-02-11T07:23:07.000000Z 167.1523 -77.5293 0 0
2007-01-19T05:56:42.000000Z 167.1523 -77.5293 0 0
2007-01-28T09:46:49.000000Z 167.1523 -77.5293 0 0
2005-12-25T08:09:31.000000Z 167.1523 -77.5293 0 0
2007-02-01T05:23:52.000000Z 167.1523 -77.5293 0 0
2007-02-10T11:30:17.000000Z 167.1523 -77.5293 0 0
2007-01-28T04:03:26.000000Z 167.1523 -77.5293 0 0
2007-01-08T09:07:52.000000Z 167.1523 -77.5293 0 0
2007-02-05T05:56:06.000000Z 167.1523 -77.5293 0 0
2006-01-13T07:23:48.000000Z 167.1523 -77.5293 0 0
2007-01-10T09:47:36.000000Z 167.1523 -77.5293 0 0
2007-02-03T04:32:53.000000Z 167.1523 -77.5293 0 0
2007-02-13T03:29:36.000000Z 167.1523 -77.5293 0 0
2007-01-26T09:50:26.000000Z 167.1523 -77.5293 0 0
2007-01-17T06:24:09.000000Z 167.1523 -77.5293 0 0
2007-01-12T04:55:18.000000Z 167.1523 -77.5293 0 0
